9860
11671
15953
12648
14621
16956
1548
9478
6904
4275
14974
15364
10659
6377
11137
2014
15041
16193
15290
10940
4362
5201
2328
1709
16679
11838
16529
7263
16242
16719
3538
12375
8968
2972
6659
10359
12298
14715
14947
7850
8124
8092
5866
13371
16922
9232
12669
2735
578
5241
11886
11085
9787
422
5522
8744
2445
14489
796
8072
785
6203
122
10650
14674
13869
577
11260
124
340
3447
7853
7302
2983
16688
12462
1535
12122
686
11462
1052
14001
12728
2022
13641
8068
8021
7287
9050
1118
13237
15597
859
8045
1364
2066
3546
13257
10686
13765
