1347
18500
20525
9322
1313
6490
9529
4885
15651
15484
10601
7558
9495
7334
3088
20550
15025
18887
1674
3157
9100
3774
1200
11895
20727
13139
7552
1657
4280
17226
6948
9680
12069
17301
16669
7502
1333
6327
246
19597
2357
10014
14822
11724
13050
11410
12705
18322
2950
15676
11643
1576
20531
10276
10162
11690
19971
14384
12807
9663
4652
103
15612
16717
17592
10013
7104
5399
13898
11636
13763
13375
10866
16755
11331
790
20534
11333
12655
5320
13829
1713
11954
14496
2844
12690
12543
20478
13274
11827
9382
11445
16860
3872
134
11704
4068
5940
9142
13978
