7972
5412
12068
8429
7928
9526
3567
3338
9722
6628
9064
956
3866
3100
8492
2135
912
8442
7293
2406
2712
6606
12302
7267
3259
2491
2836
3929
5477
2145
11708
7584
9177
846
5813
3966
4805
5796
8410
5498
818
10430
1669
8876
9362
1873
6362
3277
7296
10288
12306
194
11374
7990
3297
5774
8114
2941
10721
1393
11762
11955
12342
1064
7902
2171
3854
9516
507
9769
4487
1029
5229
10760
11697
778
12025
7984
3954
8229
7880
726
11024
11040
11131
7442
3541
5205
5387
7207
6948
3143
4217
10858
694
536
5517
8274
10687
3426
